alpha8 
1 
0 -5.304 897 565 895 78e-48
1 8.831 330 720 224 16
2 2.158 418 910 065 52e-46
3 -4.645 750 398 955 12e1
4 -6.589 378 888 261 36e-46
5 8.302 822 347 204 08e1
6 4.432 058 021 522 39e-46
7 -4.499 284 778 280 70e1
2 
0 -3.394 572 864 471 12e-32
1 3.948 818 850 832 63
2 8.777 443 082 859 03e-31
3 -1.291 030 109 922 82e1
4 -3.733 568 527 066 15e-30
5 2.808 653 621 746 58e1
6 5.592 738 085 884 47e-30
7 -3.559 691 489 651 37e1
8 -3.369 633 753 070 73e-30
9 2.651 593 708 813 37e1
10 5.368 136 791 487 78e-31
11 -1.141 848 893 684 49e1
12 1.910 810 176 844 27e-31
13 2.625 584 438 813 34
14 -5.506 869 829 422 30e-32
15 -2.491 722 999 986 42e-1

alpha11 
1 
0 -7.577 397 399 774 06e-31
1 1.125 906 674 029 54e1
2 3.502 987 364 391 09e-29
3 -6.546 929 333 299 73e1
4 -1.109 395 299 769 21e-28
5 1.206 946 342 777 57e2
6 7.591 023 575 940 00e-29
7 -6.640 196 953 778 25e1
2 
0 6.707 459 348 521 79e-49
1 4.704 776 242 108 83
2 -3.560 895 946 155 42e-48
3 -6.798 848 515 966 81
4 1.435 956 460 699 24e-48
5 3.315 251 043 828 73
6 -1.498 534 213 857 92e-49
7 -4.893 629 368 598 97e-1
3 
0 -3.724 666 663 816 43e-46
1 5.363 342 576 549 53
2 4.387 325 688 537 77e-44
3 -3.551 695 554 419 62e1
4 -7.275 586 270 951 35e-43
5 1.778 073 041 156 44e2
6 4.675 633 531 474 43e-42
7 -5.922 973 954 150 24e2
8 -1.559 191 149 483 18e-41
9 1.348 916 918 893 62e3
10 3.101 987 517 898 98e-41
11 -2.158 764 450 849 38e3
12 -3.979 522 746 446 06e-41
13 2.473 656 855 869 18e3
14 3.442 583 671 739 57e-41
15 -2.049 135 425 362 48e3
16 -2.054 473 617 911 60e-41
17 1.227 393 170 905 59e3
18 8.496 944 474 386 26e-42
19 -5.258 261 751 340 02e2
20 -2.398 563 650 034 46e-42
21 1.569 305 587 128 40e2
22 4.422 234 685 976 95e-43
23 -3.096 585 956 459 12e1
24 -4.813 314 298 193 61e-44
25 3.628 940 008 149 68
26 2.351 813 705 788 11e-45
27 -1.911 602 837 499 39e-1


alpha14 
1 
0 -3.385 722 834 334 92e-47
1 2.490 521 431 937 54e1
2 7.670 642 967 078 65e-45
3 -6.823 830 575 824 30e2
4 -1.333 185 272 588 59e-43
5 6.809 428 453 905 99e3
6 9.194 645 680 020 43e-43
7 -3.125 071 000 171 05e4
8 -3.025 478 830 899 49e-42
9 7.476 593 883 637 57e4
10 5.024 260 275 717 70e-42
11 -9.650 468 384 758 39e4
12 -4.059 312 403 214 43e-42
13 6.369 779 237 782 46e4
14 1.266 714 278 278 97e-42
15 -1.686 026 213 471 90e4
2 
0 -9.279 917 569 679 91e-46
1 1.682 855 119 260 11e1
2 8.324 081 146 866 71e-44
3 -3.398 117 504 956 59e2
4 -1.277 565 666 258 11e-42
5 2.790 699 987 938 47e3
6 7.701 528 367 291 31e-42
7 -1.135 141 515 737 90e4
8 -2.411 599 188 059 90e-41
9 2.662 300 102 837 45e4
10 4.488 070 562 138 74e-41
11 -3.938 403 286 619 75e4
12 -5.348 216 229 722 02e-41
13 3.878 842 303 480 60e4
14 4.257 225 027 985 59e-41
15 -2.623 953 038 449 88e4
16 -2.311 466 242 633 47e-41
17 1.236 562 070 165 32e4
18 8.585 714 635 337 18e-42
19 -4.053 364 600 899 99e3
20 -2.145 649 403 012 55e-42
21 9.060 428 809 510 87e2
22 3.448 033 678 999 92e-43
23 -1.316 876 492 082 88e2
24 -3.217 170 593 366 02e-44
25 1.121 760 790 336 23e1
26 1.324 256 004 034 43e-45
27 -4.249 380 204 674 71e-1
3 
0 6.728 749 687 165 30e-48
1 5.317 554 976 893 91
2 5.681 992 758 010 86e-46
3 -3.543 715 315 315 77e1
4 -1.351 878 131 554 54e-44
5 1.841 224 413 291 40e2
6 1.055 317 662 895 89e-43
7 -6.553 868 301 462 53e2
8 -4.142 665 188 717 60e-43
9 1.638 783 354 280 60e3
10 9.630 973 611 663 16e-43
11 -2.953 862 370 482 26e3
12 -1.445 566 884 093 60e-42
13 3.908 064 233 624 18e3
14 1.472 650 138 644 85e-42
15 -3.834 967 391 651 31e3
16 -1.047 282 511 696 15e-42
17 2.799 606 547 665 17e3
18 5.261 087 287 862 76e-43
19 -1.512 862 318 866 92e3
20 -1.860 839 022 225 46e-43
21 5.961 601 393 400 09e2
22 4.536 441 101 994 68e-44
23 -1.663 217 393 029 58e2
24 -7.257 822 876 553 13e-45
25 3.109 883 697 398 84e1
26 6.858 005 206 344 85e-46
27 -3.493 493 745 061 90
28 -2.898 498 112 066 37e-47
29 1.781 421 569 564 95e-1
